1 3
1 2
3 4
4 9
4 5
9 10
5 6
10 12
6 7
7 13
7 8
8 11
11 14
11 16
14 15
15 17
17 20
17 18
18 19
19 22
19 21
22 23
23 24
24 28
24 25
28 30
25 26
30 32
26 27
32 34
27 29
34 35
29 31
31 33
33 38
33 36
36 37
37 41
37 39
39 40
40 43
40 42
43 44
44 45
45 47
45 46
47 48
48 51
48 49
49 50
50 52
52 54
52 53
54 55
55 57
55 56
57 58
58 59
59 62
59 60
60 61
61 63
63 64
64 65
64 66
65 67
67 68
68 69
69 70
70 71
71 72
72 73
73 76
73 74
74 75
75 77
77 78
78 79
79 80
80 81
81 82
82 85
82 83
83 84
84 86
86 87
87 88
88 91
88 89
89 90
90 92
92 94
92 93
94 95
95 96
96 99
96 97
97 98
98 100
100 101
101 104
101 102
102 103
103 105
105 106
106 107
107 112
107 108
112 114
108 109
114 117
109 110
117 118
110 111
118 119
111 113
119 122
113 115
122 124
115 116
124 125
116 120
120 127
120 121
127 130
121 123
123 132
123 126
132 134
126 128
134 135
128 129
135 137
129 131
137 138
131 133
133 136
136 139
139 140
140 141
141 142
142 143
143 144
144 145
145 147
145 146
147 148
148 149
149 150
150 151
151 154
151 152
152 153
153 155
155 156
156 157
157 158
158 159
159 160
160 161
161 162
162 165
162 163
163 164
164 167
164 166
167 168
168 171
168 169
169 170
170 172
172 174
172 173
174 175
175 178
175 176
176 177
177 179
179 180
180 181
181 182
182 183
183 184
184 186
184 185
185 187
187 188
188 189
189 190
190 191
191 192
192 193
193 194
193 195
194 196
196 199
196 197
197 198
198 200
200 202
200 201
202 203
203 204
204 205
205 206
206 207
207 210
207 208
208 209
209 211
211 212
212 213
213 214
214 218
214 215
218 220
215 216
216 222
216 217
222 224
217 219
219 225
219 221
221 223
223 226
223 227
223 228
227 229
229 231
229 230
231 232
232 233
233 234
233 235
234 236
236 237
237 239
237 238
238 240
240 241
241 242
242 244
242 243
244 245
245 246
246 254
246 247
254 256
247 248
248 257
248 249
257 259
249 250
259 260
250 251
260 263
251 252
263 266
252 253
266 268
253 255
268 269
255 258
269 272
258 261
272 274
261 262
262 275
262 264
264 277
264 265
265 280
265 267
280 282
267 270
270 283
270 271
283 285
271 273
285 286
273 276
286 287
276 278
287 288
278 279
288 290
279 281
290 291
281 284
284 289
289 292
292 293
293 294
294 295
294 296
295 297
297 298
298 299
299 300
300 301
301 302
302 303
303 304
304 305
304 306
306 307
307 308
308 309
309 311
309 310
310 312
312 313
313 315
313 314
315 316
316 317
316 318
317 319
319 323
319 320
320 324
320 321
321 322
322 325
322 326
325 327
327 328
328 330
328 329
330 331
331 332
332 333
333 334
334 335
335 336
335 337
336 338
338 341
338 339
339 340
340 342
342 343
343 344
344 347
344 345
345 346
346 348
348 349
349 352
349 350
350 351
351 354
351 353
354 355
355 356
356 357
357 360
357 358
358 359
359 362
359 361
362 363
363 364
364 365
365 366
366 368
366 367
368 369
369 370
370 371
371 372
372 374
372 373
373 375
375 376
376 377
377 378
378 379
379 380
380 381
381 382
382 384
382 383
384 385
385 386
386 387
387 388
388 389
389 390
390 391
391 392
392 393
393 396
393 394
394 395
395 397
397 398
398 399
399 400
400 404
400 401
404 405
401 402
402 403
403 406
403 407
407 408
408 412
408 409
412 413
409 410
410 411
411 416
411 414
414 415
415 417
417 418
418 421
418 419
419 420
420 422
422 423
423 424
424 425
425 427
425 426
427 428
428 429
429 431
429 430
431 432
432 433
433 434
434 435
435 437
435 436
437 438
438 440
438 439
439 441
441 442
442 443
443 445
443 444
444 446
446 448
446 447
448 449
449 450
449 451
451 452
452 453
453 454
453 455
454 456
456 457
457 458
458 459
459 460
460 461
461 462
462 464
462 463
464 465
465 466
466 467
467 468
468 469
469 470
470 472
470 471
472 473
473 474
474 475
475 476
476 480
476 477
480 481
477 478
478 479
479 484
479 482
482 483
483 487
483 485
485 486
486 488
488 489
488 490
490 491
491 493
491 492
493 494
494 495
495 496
496 497
497 498
498 499
499 500
